0.5552156965226653 
0.4649622918065639
0.49381107435172633
0.5038618028985051
0.49909246289343195
0.5000592444245325
0.5001342851588784
mean:  [0.4429150907334375, 0.4486889908800278, 0.42129306422769286, 0.5232967345072338, 0.5030426618499552, 0.49531449350966456, 0.5008088923049927, 0.4985252428205029, 0.498864335229309, 0.5006013960910595, 0.5002703511730318, 0.5004740380624176, 0.5000764997074502]
median:  [0.4208003398092301, 0.36578655568071305, 0.3894525931165174, 0.5428411291595288, 0.49963547159344357, 0.4976084793979914, 0.49678518577372927, 0.4965247117265102, 0.4981381306591424, 0.5013424330376091, 0.49970852711375663, 0.5009807909417299, 0.5001990915644925]
mean:  [0.40618123009254054, 0.5255076594391928, 0.4604502297521204, 0.5260326818757469, 0.5268015882549729, 0.49603645366848087, 0.503053081320356, 0.48707137241042836, 0.4986805335326269, 0.5044030028929004, 0.49711842857852967, 0.5007443309070917, 0.5027493570592196, 0.4999789124247804, 0.5005136838786455, 0.4993605679220866, 0.4998961878791913, 0.49977434690842604, 0.49976647944077535, 0.4999146466183736]
median:  [0.43448955104958803, 0.4779624954859808, 0.46243459528184755, 0.5089684478631339, 0.5558141813163451, 0.4787092316346298, 0.5074962667587171, 0.4800824892291443, 0.5040923415150114, 0.5097110080025454, 0.4944605519762136, 0.49998567039617375, 0.5032064205851374, 0.5013222988177275, 0.5014225042792964, 0.4984287744800487, 0.4997173153199333, 0.499978085965454, 0.49994690107340317, 0.4999345934833023]
mean:  [0.523341617158612, 0.3780525182308869, 0.517746416887136, 0.5019682245737338, 0.5269423608130706, 0.488112397696682, 0.4918483601765867, 0.49809292995779364, 0.502312307807685, 0.49969259007595834, 0.5015756578482325, 0.5001537792083914, 0.5004949858023026, 0.5004658324011314, 0.5006204327630271, 0.5001785131016764, 0.5000294873869029, 0.5004417021932367, 0.5003851004831381, 0.4999682377082585, 0.49997302024155443, 0.5000424114323962]
median:  [0.5741293233453006, 0.36313911505021207, 0.5913257973103361, 0.47355247325201655, 0.5501695054483708, 0.4661309525990694, 0.5102829290616215, 0.49947145993862296, 0.5080964752785305, 0.4957365262117281, 0.49801371102979675, 0.4980921011595664, 0.5021977973932752, 0.5032710218428327, 0.5018167858686096, 0.50016562246158, 0.5007748728698052, 0.5002619155804782, 0.5006483146920819, 0.49994245426728146, 0.5000527068208784, 0.5000779910481283]
difference:  [-0.07405133229717231, -0.07407661652442221, -0.07418686907801919, -0.07348100865321872, -0.07386740776482248, -0.07335445047549549, -0.07396370088372062, -0.07231253747669109, -0.07085830150246797, -0.07193152595202545, -0.07603722218573422, -0.0761156123155039, -0.07839279713357256, -0.06603284806677012, -0.07465786340667768, -0.06384639428367911, -0.10799837074623125, -0.023959817896929803, -0.1005768500932841, 0.01719647396503543, -0.21099020829508858]
